snap_1_(4).jpg 20.002858333333332 105.6221 32.9 0.0 0.0 90.0
snap_1_(7).jpg 20.003031666666665 105.62210833333333 33.8 0.0 0.0 275.0
snap_1_(8).jpg 20.003121666666665 105.62211666666667 33.4 0.0 0.0 270.0
snap_1_(11).jpg 20.003123333333335 105.622025 33.2 0.0 0.0 274.0
snap_1_(12).jpg 20.003038333333333 105.62201 33.2 0.0 0.0 93.0
snap_1_(15).jpg 20.002776666666666 105.62198666666667 32.9 0.0 0.0 103.0
snap_1_(16).jpg 20.00261666666667 105.62188 33.8 0.0 0.0 125.0
snap_1_(19).jpg 20.002876666666666 105.62190166666667 33.3 0.0 0.0 270.0
snap_1_(20).jpg 20.002963333333334 105.62191 33.3 0.0 0.0 270.0
snap_1_(22).jpg 20.003051666666668 105.62191833333333 33.1 0.0 0.0 270.0
snap_1_(23).jpg 20.003135 105.621925 33.4 0.0 0.0 26.0
snap_1_(26).jpg 20.003053333333334 105.62182666666666 33.0 0.0 0.0 93.0
snap_1_(27).jpg 20.002963333333334 105.62181166666667 32.8 0.0 0.0 94.0
snap_1_(28).jpg 20.002876666666666 105.62180333333333 33.0 0.0 0.0 94.0
snap_1_(29).jpg 20.002793333333333 105.621795 32.7 0.0 0.0 94.0
snap_1_(30).jpg 20.002708333333334 105.62178833333333 33.1 0.0 0.0 94.0
snap_1_(31).jpg 20.002631666666666 105.62168166666666 33.0 0.0 0.0 98.0
snap_1_(32).jpg 20.002718333333334 105.62168833333334 32.3 0.0 0.0 270.0
snap_1_(33).jpg 20.002805 105.62170333333333 32.7 0.0 0.0 278.0
snap_1_(40).jpg 20.003153333333334 105.621635 32.7 0.0 0.0 274.0
snap_1_(43).jpg 20.002893333333333 105.62161333333333 32.3 0.0 0.0 94.0
snap_1_(44).jpg 20.002723333333332 105.62159666666666 32.9 0.0 0.0 94.0
snap_1_(45).jpg 20.002638333333334 105.62159 32.9 0.0 0.0 116.0
snap_1_(49).jpg 20.002908333333334 105.62151333333334 32.1 0.0 0.0 270.0
snap_1_(50).jpg 20.002995 105.62152166666667 32.2 0.0 0.0 270.0
snap_1_(51).jpg 20.003081666666667 105.62153666666667 33.1 0.0 0.0 270.0
snap_1_(53).jpg 20.003175 105.621445 32.1 0.0 0.0 275.0
snap_1_(54).jpg 20.00308666666667 105.62143666666667 32.4 0.0 0.0 94.0
snap_1_(55).jpg 20.003 105.62143 32.5 0.0 0.0 95.0
snap_1_(56).jpg 20.002913333333332 105.62142166666666 32.5 0.0 0.0 94.0
snap_1_(57).jpg 20.002826666666667 105.621415 32.3 0.0 0.0 94.0
snap_1_(58).jpg 20.002738333333333 105.62140666666667 31.9 0.0 0.0 90.0
snap_1_(59).jpg 20.002656666666667 105.62139833333333 32.1 0.0 0.0 114.0
snap_1_(60).jpg 20.002663333333334 105.6213 31.9 0.0 0.0 270.0
snap_1_(61).jpg 20.002748333333333 105.62130666666667 32.1 0.0 0.0 270.0
snap_1_(62).jpg 20.002835 105.621315 31.7 0.0 0.0 270.0
snap_1_(63).jpg 20.00292333333333 105.62132333333334 32.2 0.0 0.0 270.0
snap_1_(64).jpg 20.003008333333334 105.621345 31.8 0.0 0.0 270.0
snap_1_(66).jpg 20.00319 105.62125333333333 31.9 0.0 0.0 274.0
snap_1_(67).jpg 20.003103333333332 105.62123833333334 32.2 0.0 0.0 94.0
snap_1_(68).jpg 20.002926666666667 105.62123166666667 31.5 0.0 0.0 94.0
snap_1_(69).jpg 20.002841666666665 105.62122333333333 31.8 0.0 0.0 94.0
snap_1_(70).jpg 20.002755 105.62120833333333 31.9 0.0 0.0 94.0
snap_1_(72).jpg 20.002676666666666 105.62110833333334 31.9 0.0 0.0 90.0
snap_1_(73).jpg 20.002765 105.62111666666667 31.5 0.0 0.0 270.0
snap_1_(76).jpg 20.003026666666667 105.62114 32.0 0.0 0.0 270.0
snap_1_(77).jpg 20.003111666666666 105.62114666666666 31.8 0.0 0.0 270.0
snap_1_(78).jpg 20.003198333333334 105.621155 31.6 0.0 0.0 15.0
snap_1_(79).jpg 20.00320333333333 105.62106333333334 31.4 0.0 0.0 275.0
snap_1_(80).jpg 20.003118333333333 105.62104833333333 32.0 0.0 0.0 95.0
snap_1_(81).jpg 20.003031666666665 105.62104 32.0 0.0 0.0 95.0
snap_1_(83).jpg 20.002685 105.62101 31.9 0.0 0.0 111.0
snap_1_(84).jpg 20.002696666666665 105.62091833333334 31.3 0.0 0.0 270.0
snap_1_(86).jpg 20.002866666666666 105.62093333333333 31.9 0.0 0.0 270.0
snap_1_(87).jpg 20.002953333333334 105.62094166666667 31.5 0.0 0.0 270.0
snap_1_(139).jpg 20.003043333333334 105.620705 33.8 0.0 0.0 273.0
snap_1_(149).jpg 20.003143333333334 105.62061333333334 33.6 0.0 0.0 273.0
snap_1_(154).jpg 20.002973333333333 105.62050666666667 33.8 0.0 0.0 90.0
snap_1_(155).jpg 20.002885 105.62049833333333 33.9 0.0 0.0 90.0
snap_1_(156).jpg 20.002796666666665 105.62048333333334 33.9 0.0 0.0 90.0
